0
0
0
13280.14
84303.1
87333.75
85553.62
103425.03
82244.62
70624.79
49984.47
99924.5
92908.27
141434.09
40430.53
39212.43
137697.09
133151.88
234308.46
182959.35
130096.45
207580.21
229378.87
178232.29
211042.88
141609.08
203177.67
162430.33
124798.88
91162.51
134533.5
143274.45
163111.13
80206.59
90305.39
159957.31
247.5
9774.98
81619.79
49463.66
127072.53
76767.09
69795.89
49759.2
76742.5
55211.55
46159.75
55281.28
34677.66
36430.9
21576.62
16251.79
18808.14
25476.11
39337.85
42704.09
39005.17
32971.76
5244.86
2820.0
1485.0